cam1_cam2:
  tz: -0.002547569979808546
  ty: -0.01146464151868539
  rx: -0.01544298894699484
  rz: 0.003554491413880403
  tx: 0.01481552688686537
  ry: 0.0195107512074259
