cam3_scene:
  tz: 0.007140337336854296
  tx: 0.02203965772321575
  ry: 0.02424852367304332
  rz: -0.06897050007162805
  rx: 0.06160521478991166
  ty: 0.01289283564505816
