cam3_scene:
  ty: 0.9807284406310467
  tx: -0.665973523855965
  tz: 0.08202857675589886
  rz: -0.06281920867946914
  ry: 0.04617554855570179
  rx: 0.24241688302651
cam1_cam2:
  ty: -0.005766185008828547
  rx: 0.001656929293756437
  tx: 0.005899305634645543
  ry: 0.01049162219901657
  tz: -0.0008818085331310615
  rz: 0.01425209277902401
