cam3_scene:
  rx: 0.24241688302651
  rz: -0.06281920867946914
  tz: 0.08202857675589886
  tx: -0.665973523855965
  ry: 0.04617554855570179
  ty: 0.9807284406310467
cam1_cam2:
  rx: -0.09750479090665211
  rz: 0.238121805112183
  ry: -0.1479266636658463
  tx: 0.03824725174277852
  ty: 0.06684429183488365
  tz: -0.02769318669324406
