cam1_cam2:
  rz: 0.2084765745194058
  tz: 0.1268121677552565
  ty: -0.3071893497450434
  rx: 0.1362440710975694
  ry: -0.2936597874754641
  tx: 0.05045955859777946
rx: 0.24241688302651
