cam3_scene:
  rz: -0.06281920867946914
  ry: 0.04617554855570179
  tz: 0.08202857675589886
  ty: 0.9807284406310467
  rx: 0.24241688302651
  tx: -0.665973523855965
cam1_cam2:
  ty: 0.0006306454553699479
  ry: -0.008012904168320879
  rz: 0.02046988506604648
  tz: 0.0004922993204521377
  tx: 0.02765944139416872
  rx: 8.416397075159804e-05
