cam1_icp:
  rz: -0.08285808661961451
  rx: -0.006993923124946367
  ry: 0.1086649872195396
  tx: -0.3839121876132556
  tz: -0.9711630051428658
  ty: -1.462241899786101
scene_icp:
  rx: -0.03928009313374226
  tz: -0.8193156256986982
  ty: -1.264054629587075
  rz: -0.03159996863201733
  tx: -0.8585296769853602
  ry: -0.06676285072986375
cam1_cam2:
  ty: 0.09309362952331524
  rz: 0.1135500854765805
  ry: -0.2475818824031418
  tz: -0.198546787371519
  rx: -0.06527627056108842
  tx: -0.1533726347315699
cam2_icp:
  tx: -0.7453348231489952
  ty: -1.417573101204935
  ry: -0.0689427267627729
  rz: 0.07107003791961838
  rx: -0.05782646414803405
  tz: -0.8060853299958937
