scene_icp:
  ry: 0.003075415021415625
  tz: -0.7909728504123902
  ty: -1.327533447813593
  rx: -0.01113159231527474
  rz: -0.01219701320982288
  tx: -0.415585343280991
cam1_cam2:
  tz: 0.0264454106993129
  rx: -0.06824178135878624
  tx: 0.02922544287354119
  ry: 0.01544611157888215
  ty: -0.01864741508264393
  rz: 0.02220389316817058
