cam1_cam2:
  rx: -0.01262553394436919
  tz: -0.0001049649801566551
  ry: 0.006190561578023628
  tx: 0.006121318362320332
  ty: -0.001710319951097982
  rz: 0.0001307037590805386
