cam3_scene:
  ry: 0.04617554855570179
  tz: 0.08202857675589886
  rz: -0.06281920867946914
  ty: 0.9807284406310467
  rx: 0.24241688302651
  tx: -0.665973523855965
cam1_cam2:
  rx: 0.1260976255832149
  tx: 0.04821438783404091
  tz: 0.0153472294463818
  ty: -0.001766864174976984
  ry: 0.1594974053487972
  rz: 0.08333051055958145
