cam3_scene:
  tx: -0.665973523855965
  tz: 0.08202857675589886
  ry: 0.04617554855570179
  ty: 0.9807284406310467
  rz: -0.06281920867946914
  rx: 0.24241688302651
cam1_cam2:
  ty: -0.00760082044017297
  rx: 0.0185808208038925
  ry: 0.005724567672698271
  tx: 0.005250128814049949
  tz: -0.0004000184457843914
  rz: 0.00111943228199582
