cam3_scene:
  rx: 0.24241688302651
  ty: 0.9807284406310467
  tz: 0.08202857675589886
  tx: -0.665973523855965
  rz: -0.06281920867946914
  ry: 0.04617554855570179
cam1_cam2:
  rx: 0.08486952961288435
  ty: 0.02563613755391326
  tx: 0.08784709347347601
  ry: 0.06797128476069647
  tz: -0.05084455375974947
  rz: -0.003573226406580786
