cam3_scene:
  tx: -0.665973523855965
  ty: 0.9807284406310467
  ry: 0.04617554855570179
  rz: -0.06281920867946914
  rx: 0.24241688302651
  tz: 0.08202857675589886
gt:
  ry: -0.3282138302185104
  tz: 0.1584929515731041
  ty: -0.1570492243049389
  tx: -0.02216342082281482
  rz: 0.2523533881078335
  rx: 0.1108228515652109
cam1_cam2:
  rz: 0.2629029689445526
  ty: -0.07123437661660022
  tx: -0.07912916193919942
  ry: -0.299345889202556
  tz: 0.1521533676740355
  rx: 0.08191034757192643
